count: 5
min: 0.142433 max: 0.43341
mean: 0.215277
jitter: 0.07316724999999999
